sce|YIL148W	suv|Suva_11.330	100.00	128	0	0	1	128	1	128	5e-90	 262
sce|YIL148W	sku|Skud_11.333	100.00	128	0	0	1	128	1	128	5e-90	 262
sce|YIL148W	sce|YKR094C	100.00	128	0	0	1	128	1	128	5e-90	 262
sce|YIL148W	sce|YIL148W	100.00	128	0	0	1	128	1	128	5e-90	 262
sce|YIL148W	kaf|KAFR0H00220	100.00	128	0	0	1	128	1	128	5e-90	 262
sce|YIL148W	kaf|KAFR0D02230	100.00	128	0	0	1	128	1	128	5e-90	 262
sce|YIL148W	ecy|Ecym_4019	99.22	128	1	0	1	128	1	128	1e-89	 261
sce|YIL148W	tph|TPHA0E00240	99.22	128	1	0	1	128	1	128	2e-89	 260
sce|YIL148W	tph|TPHA0D04600	99.22	128	1	0	1	128	1	128	2e-89	 260
sce|YIL148W	tbl|TBLA0E02110	99.22	128	1	0	1	128	1	128	2e-89	 260
sce|YIL148W	kla|KLLA0A00616g	99.22	128	1	0	1	128	1	128	2e-89	 260
sce|YIL148W	cgl|CAGL0G02475g	99.22	128	1	0	1	128	1	128	2e-89	 260
sce|YIL148W	nda|NDAI0E05030	99.22	128	1	0	1	128	1	128	3e-89	 260
sce|YIL148W	nca|NCAS0G00240	99.22	128	1	0	1	128	1	128	3e-89	 260
sce|YIL148W	nca|NCAS0A03210	99.22	128	1	0	1	128	1	128	3e-89	 260
sce|YIL148W	vpo|Kpol_1043.69	98.44	128	2	0	1	128	1	128	4e-89	 259
sce|YIL148W	lkl|SAKL0E14894g	98.44	128	2	0	1	128	1	128	5e-89	 259
sce|YIL148W	kna|KNAG0L02120	98.44	128	2	0	1	128	1	128	5e-89	 259
sce|YIL148W	ego|AFR285C	98.44	128	2	0	1	128	1	128	5e-89	 259
sce|YIL148W	zro|ZYRO0G06622g	98.44	128	2	0	1	128	1	128	6e-89	 259
sce|YIL148W	lwa|Kwal_YGOB_Anc_5.701	98.44	128	2	0	1	128	1	128	6e-89	 259
sce|YIL148W	tde|TDEL0B02200	98.44	128	2	0	1	128	1	128	1e-88	 258
sce|YIL148W	lth|KLTH0E01078g	97.66	128	3	0	1	128	1	128	2e-88	 258
sce|YIL148W	suv|Suva_9.40	100.00	125	0	0	4	128	20	144	1e-87	 256
sce|YIL148W	smi|Smik_11.357	100.00	125	0	0	4	128	1	125	2e-87	 255
sce|YIL148W	sku|Skud_9.20	100.00	125	0	0	4	128	1	125	2e-87	 255
sce|YIL148W	smi|Smik_9.21	100.00	124	0	0	5	128	1	124	2e-86	 252
sce|YIL148W	nda|NDAI0F00300	99.20	125	1	0	4	128	63	187	5e-86	 254
sce|YIL148W	kna|KNAG0C06580	96.80	125	4	0	1	125	1	125	1e-85	 251
sce|YIL148W	nda|NDAI0H00270	98.70	77	1	0	1	77	1	77	3e-49	 156
sce|YIL148W	tde|TDEL0G01750	100.00	76	0	0	1	76	1	76	2e-48	 154
sce|YIL148W	suv|Suva_10.34	98.70	77	1	0	1	77	1	77	3e-48	 156
sce|YIL148W	suv|Suva_10.34	100.00	71	0	0	1	71	77	147	9e-44	 145
sce|YIL148W	ecy|Ecym_8408	98.70	77	1	0	1	77	1	77	3e-48	 156
sce|YIL148W	ecy|Ecym_8408	100.00	76	0	0	1	76	77	152	5e-48	 155
sce|YIL148W	kna|KNAG0J02880	98.70	77	1	0	1	77	1	77	4e-48	 156
sce|YIL148W	kna|KNAG0J02880	98.70	77	1	0	1	77	77	153	6e-48	 155
sce|YIL148W	kaf|KAFR0H02000	100.00	76	0	0	1	76	1	76	5e-48	 155
sce|YIL148W	nca|NCAS0C02940	100.00	76	0	0	1	76	1	76	6e-48	 155
sce|YIL148W	nda|NDAI0G02280	100.00	76	0	0	1	76	1	76	7e-48	 155
sce|YIL148W	tph|TPHA0K02250	98.70	77	1	0	1	77	1	77	7e-48	 155
sce|YIL148W	tph|TPHA0K02250	100.00	76	0	0	1	76	77	152	1e-47	 155
sce|YIL148W	tde|TDEL0F05100	100.00	76	0	0	1	76	1	76	7e-48	 155
sce|YIL148W	sce|YLR167W	100.00	76	0	0	1	76	1	76	8e-48	 155
sce|YIL148W	suv|Suva_10.266	100.00	76	0	0	1	76	1	76	8e-48	 155
sce|YIL148W	smi|Smik_12.229	100.00	76	0	0	1	76	1	76	8e-48	 155
sce|YIL148W	sku|Skud_12.234	100.00	76	0	0	1	76	1	76	8e-48	 155
sce|YIL148W	tbl|TBLA0H03180	100.00	76	0	0	1	76	1	76	9e-48	 155
sce|YIL148W	lwa|Kwal_23.3311	100.00	76	0	0	1	76	1	76	9e-48	 155
sce|YIL148W	lth|KLTH0F08734g	100.00	76	0	0	1	76	1	76	1e-47	 155
sce|YIL148W	cgl|CAGL0G08173g	100.00	76	0	0	1	76	1	76	1e-47	 155
sce|YIL148W	tph|TPHA0C02390	100.00	76	0	0	1	76	1	76	1e-47	 155
sce|YIL148W	zro|ZYRO0C04026g	100.00	76	0	0	1	76	1	76	1e-47	 155
sce|YIL148W	ecy|Ecym_4181	100.00	76	0	0	1	76	1	76	1e-47	 155
sce|YIL148W	lkl|SAKL0H13926g	100.00	76	0	0	1	76	1	76	1e-47	 155
sce|YIL148W	vpo|Kpol_1030.5	98.68	76	1	0	1	76	1	76	2e-47	 154
sce|YIL148W	vpo|Kpol_1024.16	98.68	76	1	0	1	76	1	76	2e-47	 154
sce|YIL148W	kna|KNAG0A02730	98.68	76	1	0	1	76	1	76	2e-47	 154
sce|YIL148W	kla|KLLA0D18304g	100.00	76	0	0	1	76	1	76	2e-47	 154
sce|YIL148W	tbl|TBLA0G00670	98.70	77	1	0	1	77	1	77	2e-47	 156
sce|YIL148W	tbl|TBLA0G00670	98.70	77	1	0	1	77	77	153	2e-47	 156
sce|YIL148W	tbl|TBLA0G00670	98.70	77	1	0	1	77	153	229	2e-47	 156
sce|YIL148W	nda|NDAI0D04930	98.70	77	1	0	1	77	1	77	2e-47	 156
sce|YIL148W	nda|NDAI0D04930	98.70	77	1	0	1	77	77	153	2e-47	 156
sce|YIL148W	nda|NDAI0D04930	98.70	77	1	0	1	77	153	229	2e-47	 156
sce|YIL148W	kaf|KAFR0I01470	98.70	77	1	0	1	77	1	77	2e-47	 156
sce|YIL148W	kaf|KAFR0I01470	98.70	77	1	0	1	77	77	153	2e-47	 156
sce|YIL148W	kaf|KAFR0I01470	98.70	77	1	0	1	77	153	229	2e-47	 156
sce|YIL148W	lwa|Kwal_55.20607	98.70	77	1	0	1	77	1	77	3e-47	 156
sce|YIL148W	lwa|Kwal_55.20607	98.70	77	1	0	1	77	77	153	3e-47	 156
sce|YIL148W	lwa|Kwal_55.20607	100.00	76	0	0	1	76	153	228	5e-47	 155
sce|YIL148W	ego|AGL128W	98.68	76	1	0	1	76	1	76	3e-47	 154
sce|YIL148W	suv|Suva_10.33	98.70	77	1	0	1	77	1	77	5e-47	 156
sce|YIL148W	suv|Suva_10.33	98.70	77	1	0	1	77	77	153	5e-47	 156
sce|YIL148W	suv|Suva_10.33	98.70	77	1	0	1	77	153	229	5e-47	 156
sce|YIL148W	lkl|SAKL0H25784g	98.70	77	1	0	1	77	1	77	2e-46	 156
sce|YIL148W	lkl|SAKL0H25784g	98.70	77	1	0	1	77	77	153	2e-46	 156
sce|YIL148W	lkl|SAKL0H25784g	98.70	77	1	0	1	77	153	229	2e-46	 156
sce|YIL148W	lkl|SAKL0H25784g	100.00	76	0	0	1	76	229	304	3e-46	 155
sce|YIL148W	kla|KLLA0E00749g	100.00	77	0	0	1	77	305	381	3e-46	 157
sce|YIL148W	kla|KLLA0E00749g	98.70	77	1	0	1	77	1	77	9e-46	 156
sce|YIL148W	kla|KLLA0E00749g	98.70	77	1	0	1	77	77	153	9e-46	 156
sce|YIL148W	kla|KLLA0E00749g	98.70	77	1	0	1	77	153	229	9e-46	 156
sce|YIL148W	kla|KLLA0E00749g	98.70	77	1	0	1	77	229	305	9e-46	 156
sce|YIL148W	ego|ACL062C	98.70	77	1	0	1	77	1	77	7e-46	 156
sce|YIL148W	ego|ACL062C	98.70	77	1	0	1	77	77	153	7e-46	 156
sce|YIL148W	ego|ACL062C	98.70	77	1	0	1	77	153	229	7e-46	 156
sce|YIL148W	ego|ACL062C	98.70	77	1	0	1	77	229	305	7e-46	 156
sce|YIL148W	ego|ACL062C	100.00	76	0	0	1	76	305	380	1e-45	 156
sce|YIL148W	suv|Suva_10.30	98.70	77	1	0	1	77	1	77	8e-46	 156
sce|YIL148W	suv|Suva_10.30	98.70	77	1	0	1	77	77	153	8e-46	 156
sce|YIL148W	suv|Suva_10.30	98.70	77	1	0	1	77	153	229	8e-46	 156
sce|YIL148W	suv|Suva_10.30	98.70	77	1	0	1	77	229	305	8e-46	 156
sce|YIL148W	suv|Suva_10.30	98.68	76	1	0	1	76	305	380	3e-44	 152
sce|YIL148W	nca|NCAS0C05850	98.70	77	1	0	1	77	1	77	9e-46	 156
sce|YIL148W	nca|NCAS0C05850	98.70	77	1	0	1	77	77	153	9e-46	 156
sce|YIL148W	nca|NCAS0C05850	98.70	77	1	0	1	77	153	229	9e-46	 156
sce|YIL148W	nca|NCAS0C05850	98.70	77	1	0	1	77	229	305	9e-46	 156
sce|YIL148W	nca|NCAS0C05850	98.70	77	1	0	1	77	305	381	9e-46	 156
sce|YIL148W	sku|Skud_12.29	98.70	77	1	0	1	77	1	77	9e-46	 156
sce|YIL148W	sku|Skud_12.29	98.70	77	1	0	1	77	77	153	9e-46	 156
sce|YIL148W	sku|Skud_12.29	98.70	77	1	0	1	77	153	229	9e-46	 156
sce|YIL148W	sku|Skud_12.29	98.70	77	1	0	1	77	229	305	9e-46	 156
sce|YIL148W	sku|Skud_12.29	100.00	76	0	0	1	76	305	380	1e-45	 155
sce|YIL148W	sce|YLL039C	98.70	77	1	0	1	77	1	77	9e-46	 156
sce|YIL148W	sce|YLL039C	98.70	77	1	0	1	77	77	153	9e-46	 156
sce|YIL148W	sce|YLL039C	98.70	77	1	0	1	77	153	229	9e-46	 156
sce|YIL148W	sce|YLL039C	98.70	77	1	0	1	77	229	305	9e-46	 156
sce|YIL148W	sce|YLL039C	100.00	76	0	0	1	76	305	380	1e-45	 155
sce|YIL148W	smi|Smik_12.18	88.76	89	9	1	1	88	77	165	1e-45	 157
sce|YIL148W	smi|Smik_12.18	88.76	89	9	1	1	88	231	319	1e-45	 157
sce|YIL148W	smi|Smik_12.18	98.70	77	1	0	1	77	1	77	3e-45	 156
sce|YIL148W	smi|Smik_12.18	98.70	77	1	0	1	77	155	231	3e-45	 156
sce|YIL148W	smi|Smik_12.18	98.70	77	1	0	1	77	309	385	3e-45	 156
sce|YIL148W	smi|Smik_12.18	100.00	76	0	0	1	76	385	460	4e-45	 156
sce|YIL148W	zro|ZYRO0G07854g	98.70	77	1	0	1	77	1	77	2e-45	 157
sce|YIL148W	zro|ZYRO0G07854g	98.70	77	1	0	1	77	77	153	2e-45	 157
sce|YIL148W	zro|ZYRO0G07854g	98.70	77	1	0	1	77	153	229	2e-45	 157
sce|YIL148W	zro|ZYRO0G07854g	98.70	77	1	0	1	77	229	305	2e-45	 157
sce|YIL148W	zro|ZYRO0G07854g	98.70	77	1	0	1	77	305	381	2e-45	 157
sce|YIL148W	zro|ZYRO0G07854g	100.00	76	0	0	1	76	381	456	3e-45	 156
sce|YIL148W	lth|KLTH0E05852g	98.70	77	1	0	1	77	105	181	3e-45	 155
sce|YIL148W	lth|KLTH0E05852g	98.70	77	1	0	1	77	181	257	3e-45	 155
sce|YIL148W	lth|KLTH0E05852g	98.70	77	1	0	1	77	257	333	3e-45	 155
sce|YIL148W	lth|KLTH0E05852g	100.00	76	0	0	1	76	333	408	4e-45	 155
sce|YIL148W	vpo|Kpol_1070.6	98.70	77	1	0	1	77	1	77	6e-45	 156
sce|YIL148W	vpo|Kpol_1070.6	98.70	77	1	0	1	77	77	153	6e-45	 156
sce|YIL148W	vpo|Kpol_1070.6	98.70	77	1	0	1	77	153	229	6e-45	 156
sce|YIL148W	vpo|Kpol_1070.6	98.70	77	1	0	1	77	229	305	6e-45	 156
sce|YIL148W	vpo|Kpol_1070.6	98.70	77	1	0	1	77	305	381	6e-45	 156
sce|YIL148W	vpo|Kpol_1070.6	98.70	77	1	0	1	77	381	457	6e-45	 156
sce|YIL148W	vpo|Kpol_1070.6	100.00	76	0	0	1	76	457	532	1e-44	 156
sce|YIL148W	cgl|CAGL0D05082g	98.70	77	1	0	1	77	1	77	6e-45	 156
sce|YIL148W	cgl|CAGL0D05082g	98.70	77	1	0	1	77	77	153	6e-45	 156
sce|YIL148W	cgl|CAGL0D05082g	98.70	77	1	0	1	77	153	229	6e-45	 156
sce|YIL148W	cgl|CAGL0D05082g	98.70	77	1	0	1	77	229	305	6e-45	 156
sce|YIL148W	cgl|CAGL0D05082g	98.70	77	1	0	1	77	305	381	6e-45	 156
sce|YIL148W	cgl|CAGL0D05082g	98.70	77	1	0	1	77	381	457	6e-45	 156
sce|YIL148W	cgl|CAGL0D05082g	100.00	76	0	0	1	76	457	532	1e-44	 156
sce|YIL148W	suv|Suva_10.32	98.39	62	1	0	15	76	1	62	4e-37	 125
sce|YIL148W	suv|Suva_10.31	100.00	50	0	0	1	50	1	50	5e-28	 102
sce|YIL148W	kla|KLLA0F17974g	55.26	76	34	0	1	76	1	76	3e-23	90.1
sce|YIL148W	tph|TPHA0C00890	56.58	76	33	0	1	76	1	76	3e-22	87.4
sce|YIL148W	sce|YDR139C	52.63	76	36	0	1	76	1	76	8e-21	83.6
sce|YIL148W	lkl|SAKL0H15818g	51.95	77	37	0	1	77	1	77	2e-20	83.2
sce|YIL148W	vpo|Kpol_1036.62	51.32	76	37	0	1	76	1	76	4e-20	82.0
sce|YIL148W	nca|NCAS0B03520	52.63	76	36	0	1	76	1	76	5e-20	81.6
sce|YIL148W	lth|KLTH0G12540g	50.65	77	38	0	1	77	1	77	1e-19	80.9
sce|YIL148W	zro|ZYRO0D05962g	53.95	76	35	0	1	76	1	76	3e-19	79.7
sce|YIL148W	nda|NDAI0J01070	51.32	76	37	0	1	76	1	76	4e-19	79.3
sce|YIL148W	tde|TDEL0F04380	53.95	76	35	0	1	76	1	76	1e-18	78.2
sce|YIL148W	cgl|CAGL0B01589g	51.32	76	37	0	1	76	1	76	2e-17	74.7
sce|YIL148W	smi|Smik_4.383	40.00	100	36	1	1	76	1	100	2e-15	70.1
sce|YIL148W	sku|Skud_4.398	39.78	93	33	1	7	76	1	93	1e-14	67.8
sce|YIL148W	suv|Suva_2.300	53.70	54	25	0	1	54	1	54	1e-13	65.1
sce|YIL148W	kaf|KAFR0B05670	58.00	50	21	0	1	50	1	50	2e-12	61.2
sce|YIL148W	ecy|Ecym_4244	56.00	50	22	0	1	50	1	50	5e-12	59.7
sce|YIL148W	lwa|Kwal_56.23883	54.00	50	23	0	1	50	1	50	9e-12	58.9
sce|YIL148W	tbl|TBLA0H01310	56.00	50	22	0	1	50	1	50	1e-10	56.6
sce|YIL148W	ego|AGL185W	52.00	50	24	0	1	50	1	50	1e-10	55.8
sce|YIL148W	kla|KLLA0D01859g	41.43	70	40	1	2	70	3	72	3e-09	55.8
sce|YIL148W	tbl|TBLA0D03230	40.85	71	41	1	1	70	1	71	9e-08	51.6
sce|YIL148W	tph|TPHA0I00220	39.44	71	42	1	1	70	1	71	2e-06	47.4
sce|YIL148W	lth|KLTH0C03938g	29.01	131	85	4	1	127	1	127	3e-06	47.0
sce|YIL148W	cgl|CAGL0M02937g	35.21	71	45	1	1	70	1	71	3e-06	47.0
sce|YIL148W	tbl|TBLA0B03240	42.00	50	29	0	13	62	13	62	4e-06	46.2
sce|YIL148W	suv|Suva_13.464	35.71	70	44	1	1	70	3	71	5e-06	46.2
sce|YIL148W	ecy|Ecym_4608	35.71	56	36	0	15	70	16	71	8e-06	45.4
sce|YIL148W	lkl|SAKL0D01540g	37.50	56	35	0	15	70	16	71	1e-05	45.1
