kla|KLLA0A00616g	tph|TPHA0E00240	100.00	128	0	0	1	128	1	128	6e-90	 262
kla|KLLA0A00616g	tph|TPHA0D04600	100.00	128	0	0	1	128	1	128	6e-90	 262
kla|KLLA0A00616g	tbl|TBLA0E02110	100.00	128	0	0	1	128	1	128	6e-90	 262
kla|KLLA0A00616g	kla|KLLA0A00616g	100.00	128	0	0	1	128	1	128	6e-90	 262
kla|KLLA0A00616g	cgl|CAGL0G02475g	100.00	128	0	0	1	128	1	128	6e-90	 262
kla|KLLA0A00616g	vpo|Kpol_1043.69	99.22	128	1	0	1	128	1	128	1e-89	 261
kla|KLLA0A00616g	lkl|SAKL0E14894g	99.22	128	1	0	1	128	1	128	1e-89	 261
kla|KLLA0A00616g	kna|KNAG0L02120	99.22	128	1	0	1	128	1	128	1e-89	 261
kla|KLLA0A00616g	ego|AFR285C	99.22	128	1	0	1	128	1	128	1e-89	 261
kla|KLLA0A00616g	lwa|Kwal_YGOB_Anc_5.701	99.22	128	1	0	1	128	1	128	2e-89	 260
kla|KLLA0A00616g	zro|ZYRO0G06622g	99.22	128	1	0	1	128	1	128	2e-89	 260
kla|KLLA0A00616g	suv|Suva_11.330	99.22	128	1	0	1	128	1	128	2e-89	 260
kla|KLLA0A00616g	sku|Skud_11.333	99.22	128	1	0	1	128	1	128	2e-89	 260
kla|KLLA0A00616g	sce|YKR094C	99.22	128	1	0	1	128	1	128	2e-89	 260
kla|KLLA0A00616g	sce|YIL148W	99.22	128	1	0	1	128	1	128	2e-89	 260
kla|KLLA0A00616g	kaf|KAFR0H00220	99.22	128	1	0	1	128	1	128	2e-89	 260
kla|KLLA0A00616g	kaf|KAFR0D02230	99.22	128	1	0	1	128	1	128	2e-89	 260
kla|KLLA0A00616g	tde|TDEL0B02200	99.22	128	1	0	1	128	1	128	3e-89	 260
kla|KLLA0A00616g	ecy|Ecym_4019	98.44	128	2	0	1	128	1	128	5e-89	 259
kla|KLLA0A00616g	lth|KLTH0E01078g	98.44	128	2	0	1	128	1	128	6e-89	 259
kla|KLLA0A00616g	nda|NDAI0E05030	98.44	128	2	0	1	128	1	128	1e-88	 258
kla|KLLA0A00616g	nca|NCAS0G00240	98.44	128	2	0	1	128	1	128	1e-88	 258
kla|KLLA0A00616g	nca|NCAS0A03210	98.44	128	2	0	1	128	1	128	1e-88	 258
kla|KLLA0A00616g	suv|Suva_9.40	99.20	125	1	0	4	128	20	144	4e-87	 255
kla|KLLA0A00616g	smi|Smik_11.357	99.20	125	1	0	4	128	1	125	8e-87	 253
kla|KLLA0A00616g	sku|Skud_9.20	99.20	125	1	0	4	128	1	125	8e-87	 253
kla|KLLA0A00616g	kna|KNAG0C06580	97.60	125	3	0	1	125	1	125	3e-86	 253
kla|KLLA0A00616g	smi|Smik_9.21	99.19	124	1	0	5	128	1	124	9e-86	 251
kla|KLLA0A00616g	nda|NDAI0F00300	98.40	125	2	0	4	128	63	187	2e-85	 252
kla|KLLA0A00616g	nda|NDAI0H00270	98.70	77	1	0	1	77	1	77	2e-49	 157
kla|KLLA0A00616g	tde|TDEL0G01750	100.00	76	0	0	1	76	1	76	2e-48	 154
kla|KLLA0A00616g	suv|Suva_10.34	98.70	77	1	0	1	77	1	77	3e-48	 156
kla|KLLA0A00616g	suv|Suva_10.34	100.00	71	0	0	1	71	77	147	8e-44	 145
kla|KLLA0A00616g	ecy|Ecym_8408	98.70	77	1	0	1	77	1	77	3e-48	 156
kla|KLLA0A00616g	ecy|Ecym_8408	100.00	76	0	0	1	76	77	152	4e-48	 156
kla|KLLA0A00616g	kna|KNAG0J02880	98.70	77	1	0	1	77	1	77	3e-48	 156
kla|KLLA0A00616g	kna|KNAG0J02880	98.70	77	1	0	1	77	77	153	5e-48	 156
kla|KLLA0A00616g	kaf|KAFR0H02000	100.00	76	0	0	1	76	1	76	5e-48	 156
kla|KLLA0A00616g	nda|NDAI0G02280	100.00	76	0	0	1	76	1	76	5e-48	 155
kla|KLLA0A00616g	nca|NCAS0C02940	100.00	76	0	0	1	76	1	76	5e-48	 155
kla|KLLA0A00616g	tph|TPHA0K02250	98.70	77	1	0	1	77	1	77	6e-48	 155
kla|KLLA0A00616g	tph|TPHA0K02250	100.00	76	0	0	1	76	77	152	9e-48	 155
kla|KLLA0A00616g	tde|TDEL0F05100	100.00	76	0	0	1	76	1	76	7e-48	 155
kla|KLLA0A00616g	sce|YLR167W	100.00	76	0	0	1	76	1	76	7e-48	 155
kla|KLLA0A00616g	tbl|TBLA0H03180	100.00	76	0	0	1	76	1	76	8e-48	 155
kla|KLLA0A00616g	lwa|Kwal_23.3311	100.00	76	0	0	1	76	1	76	8e-48	 155
kla|KLLA0A00616g	suv|Suva_10.266	100.00	76	0	0	1	76	1	76	8e-48	 155
kla|KLLA0A00616g	smi|Smik_12.229	100.00	76	0	0	1	76	1	76	8e-48	 155
kla|KLLA0A00616g	sku|Skud_12.234	100.00	76	0	0	1	76	1	76	8e-48	 155
kla|KLLA0A00616g	tph|TPHA0C02390	100.00	76	0	0	1	76	1	76	9e-48	 155
kla|KLLA0A00616g	lth|KLTH0F08734g	100.00	76	0	0	1	76	1	76	9e-48	 155
kla|KLLA0A00616g	cgl|CAGL0G08173g	100.00	76	0	0	1	76	1	76	9e-48	 155
kla|KLLA0A00616g	zro|ZYRO0C04026g	100.00	76	0	0	1	76	1	76	9e-48	 155
kla|KLLA0A00616g	ecy|Ecym_4181	100.00	76	0	0	1	76	1	76	1e-47	 155
kla|KLLA0A00616g	lkl|SAKL0H13926g	100.00	76	0	0	1	76	1	76	1e-47	 155
kla|KLLA0A00616g	vpo|Kpol_1030.5	98.68	76	1	0	1	76	1	76	1e-47	 155
kla|KLLA0A00616g	vpo|Kpol_1024.16	98.68	76	1	0	1	76	1	76	1e-47	 155
kla|KLLA0A00616g	kla|KLLA0D18304g	100.00	76	0	0	1	76	1	76	2e-47	 154
kla|KLLA0A00616g	tbl|TBLA0G00670	98.70	77	1	0	1	77	1	77	2e-47	 157
kla|KLLA0A00616g	tbl|TBLA0G00670	98.70	77	1	0	1	77	77	153	2e-47	 157
kla|KLLA0A00616g	tbl|TBLA0G00670	98.70	77	1	0	1	77	153	229	2e-47	 157
kla|KLLA0A00616g	nda|NDAI0D04930	98.70	77	1	0	1	77	1	77	2e-47	 157
kla|KLLA0A00616g	nda|NDAI0D04930	98.70	77	1	0	1	77	77	153	2e-47	 157
kla|KLLA0A00616g	nda|NDAI0D04930	98.70	77	1	0	1	77	153	229	2e-47	 157
kla|KLLA0A00616g	kaf|KAFR0I01470	98.70	77	1	0	1	77	1	77	2e-47	 157
kla|KLLA0A00616g	kaf|KAFR0I01470	98.70	77	1	0	1	77	77	153	2e-47	 157
kla|KLLA0A00616g	kaf|KAFR0I01470	98.70	77	1	0	1	77	153	229	2e-47	 157
kla|KLLA0A00616g	kna|KNAG0A02730	98.68	76	1	0	1	76	1	76	2e-47	 154
kla|KLLA0A00616g	lwa|Kwal_55.20607	98.70	77	1	0	1	77	1	77	3e-47	 156
kla|KLLA0A00616g	lwa|Kwal_55.20607	98.70	77	1	0	1	77	77	153	3e-47	 156
kla|KLLA0A00616g	lwa|Kwal_55.20607	100.00	76	0	0	1	76	153	228	4e-47	 156
kla|KLLA0A00616g	ego|AGL128W	98.68	76	1	0	1	76	1	76	3e-47	 154
kla|KLLA0A00616g	suv|Suva_10.33	98.70	77	1	0	1	77	1	77	5e-47	 156
kla|KLLA0A00616g	suv|Suva_10.33	98.70	77	1	0	1	77	77	153	5e-47	 156
kla|KLLA0A00616g	suv|Suva_10.33	98.70	77	1	0	1	77	153	229	5e-47	 156
kla|KLLA0A00616g	lkl|SAKL0H25784g	98.70	77	1	0	1	77	1	77	2e-46	 156
kla|KLLA0A00616g	lkl|SAKL0H25784g	98.70	77	1	0	1	77	77	153	2e-46	 156
kla|KLLA0A00616g	lkl|SAKL0H25784g	98.70	77	1	0	1	77	153	229	2e-46	 156
kla|KLLA0A00616g	lkl|SAKL0H25784g	100.00	76	0	0	1	76	229	304	3e-46	 156
kla|KLLA0A00616g	kla|KLLA0E00749g	100.00	77	0	0	1	77	305	381	2e-46	 158
kla|KLLA0A00616g	kla|KLLA0E00749g	98.70	77	1	0	1	77	1	77	7e-46	 157
kla|KLLA0A00616g	kla|KLLA0E00749g	98.70	77	1	0	1	77	77	153	7e-46	 157
kla|KLLA0A00616g	kla|KLLA0E00749g	98.70	77	1	0	1	77	153	229	7e-46	 157
kla|KLLA0A00616g	kla|KLLA0E00749g	98.70	77	1	0	1	77	229	305	7e-46	 157
kla|KLLA0A00616g	ego|ACL062C	98.70	77	1	0	1	77	1	77	6e-46	 157
kla|KLLA0A00616g	ego|ACL062C	98.70	77	1	0	1	77	77	153	6e-46	 157
kla|KLLA0A00616g	ego|ACL062C	98.70	77	1	0	1	77	153	229	6e-46	 157
kla|KLLA0A00616g	ego|ACL062C	98.70	77	1	0	1	77	229	305	6e-46	 157
kla|KLLA0A00616g	ego|ACL062C	100.00	76	0	0	1	76	305	380	1e-45	 156
kla|KLLA0A00616g	suv|Suva_10.30	98.70	77	1	0	1	77	1	77	6e-46	 157
kla|KLLA0A00616g	suv|Suva_10.30	98.70	77	1	0	1	77	77	153	6e-46	 157
kla|KLLA0A00616g	suv|Suva_10.30	98.70	77	1	0	1	77	153	229	6e-46	 157
kla|KLLA0A00616g	suv|Suva_10.30	98.70	77	1	0	1	77	229	305	6e-46	 157
kla|KLLA0A00616g	suv|Suva_10.30	98.68	76	1	0	1	76	305	380	2e-44	 152
kla|KLLA0A00616g	sku|Skud_12.29	98.70	77	1	0	1	77	1	77	7e-46	 157
kla|KLLA0A00616g	sku|Skud_12.29	98.70	77	1	0	1	77	77	153	7e-46	 157
kla|KLLA0A00616g	sku|Skud_12.29	98.70	77	1	0	1	77	153	229	7e-46	 157
kla|KLLA0A00616g	sku|Skud_12.29	98.70	77	1	0	1	77	229	305	7e-46	 157
kla|KLLA0A00616g	sku|Skud_12.29	100.00	76	0	0	1	76	305	380	1e-45	 156
kla|KLLA0A00616g	sce|YLL039C	98.70	77	1	0	1	77	1	77	7e-46	 157
kla|KLLA0A00616g	sce|YLL039C	98.70	77	1	0	1	77	77	153	7e-46	 157
kla|KLLA0A00616g	sce|YLL039C	98.70	77	1	0	1	77	153	229	7e-46	 157
kla|KLLA0A00616g	sce|YLL039C	98.70	77	1	0	1	77	229	305	7e-46	 157
kla|KLLA0A00616g	sce|YLL039C	100.00	76	0	0	1	76	305	380	1e-45	 156
kla|KLLA0A00616g	nca|NCAS0C05850	98.70	77	1	0	1	77	1	77	7e-46	 157
kla|KLLA0A00616g	nca|NCAS0C05850	98.70	77	1	0	1	77	77	153	7e-46	 157
kla|KLLA0A00616g	nca|NCAS0C05850	98.70	77	1	0	1	77	153	229	7e-46	 157
kla|KLLA0A00616g	nca|NCAS0C05850	98.70	77	1	0	1	77	229	305	7e-46	 157
kla|KLLA0A00616g	nca|NCAS0C05850	98.70	77	1	0	1	77	305	381	7e-46	 157
kla|KLLA0A00616g	smi|Smik_12.18	88.76	89	9	1	1	88	77	165	1e-45	 157
kla|KLLA0A00616g	smi|Smik_12.18	88.76	89	9	1	1	88	231	319	1e-45	 157
kla|KLLA0A00616g	smi|Smik_12.18	98.70	77	1	0	1	77	1	77	2e-45	 157
kla|KLLA0A00616g	smi|Smik_12.18	98.70	77	1	0	1	77	155	231	2e-45	 157
kla|KLLA0A00616g	smi|Smik_12.18	98.70	77	1	0	1	77	309	385	2e-45	 157
kla|KLLA0A00616g	smi|Smik_12.18	100.00	76	0	0	1	76	385	460	3e-45	 156
kla|KLLA0A00616g	zro|ZYRO0G07854g	98.70	77	1	0	1	77	1	77	2e-45	 157
kla|KLLA0A00616g	zro|ZYRO0G07854g	98.70	77	1	0	1	77	77	153	2e-45	 157
kla|KLLA0A00616g	zro|ZYRO0G07854g	98.70	77	1	0	1	77	153	229	2e-45	 157
kla|KLLA0A00616g	zro|ZYRO0G07854g	98.70	77	1	0	1	77	229	305	2e-45	 157
kla|KLLA0A00616g	zro|ZYRO0G07854g	98.70	77	1	0	1	77	305	381	2e-45	 157
kla|KLLA0A00616g	zro|ZYRO0G07854g	100.00	76	0	0	1	76	381	456	3e-45	 156
kla|KLLA0A00616g	lth|KLTH0E05852g	98.70	77	1	0	1	77	105	181	2e-45	 155
kla|KLLA0A00616g	lth|KLTH0E05852g	98.70	77	1	0	1	77	181	257	2e-45	 155
kla|KLLA0A00616g	lth|KLTH0E05852g	98.70	77	1	0	1	77	257	333	2e-45	 155
kla|KLLA0A00616g	lth|KLTH0E05852g	100.00	76	0	0	1	76	333	408	4e-45	 155
kla|KLLA0A00616g	vpo|Kpol_1070.6	98.70	77	1	0	1	77	1	77	5e-45	 157
kla|KLLA0A00616g	vpo|Kpol_1070.6	98.70	77	1	0	1	77	77	153	5e-45	 157
kla|KLLA0A00616g	vpo|Kpol_1070.6	98.70	77	1	0	1	77	153	229	5e-45	 157
kla|KLLA0A00616g	vpo|Kpol_1070.6	98.70	77	1	0	1	77	229	305	5e-45	 157
kla|KLLA0A00616g	vpo|Kpol_1070.6	98.70	77	1	0	1	77	305	381	5e-45	 157
kla|KLLA0A00616g	vpo|Kpol_1070.6	98.70	77	1	0	1	77	381	457	5e-45	 157
kla|KLLA0A00616g	vpo|Kpol_1070.6	100.00	76	0	0	1	76	457	532	7e-45	 156
kla|KLLA0A00616g	cgl|CAGL0D05082g	98.70	77	1	0	1	77	1	77	5e-45	 157
kla|KLLA0A00616g	cgl|CAGL0D05082g	98.70	77	1	0	1	77	77	153	5e-45	 157
kla|KLLA0A00616g	cgl|CAGL0D05082g	98.70	77	1	0	1	77	153	229	5e-45	 157
kla|KLLA0A00616g	cgl|CAGL0D05082g	98.70	77	1	0	1	77	229	305	5e-45	 157
kla|KLLA0A00616g	cgl|CAGL0D05082g	98.70	77	1	0	1	77	305	381	5e-45	 157
kla|KLLA0A00616g	cgl|CAGL0D05082g	98.70	77	1	0	1	77	381	457	5e-45	 157
kla|KLLA0A00616g	cgl|CAGL0D05082g	100.00	76	0	0	1	76	457	532	8e-45	 156
kla|KLLA0A00616g	suv|Suva_10.32	98.39	62	1	0	15	76	1	62	3e-37	 125
kla|KLLA0A00616g	suv|Suva_10.31	100.00	50	0	0	1	50	1	50	4e-28	 102
kla|KLLA0A00616g	kla|KLLA0F17974g	55.26	76	34	0	1	76	1	76	3e-23	90.1
kla|KLLA0A00616g	tph|TPHA0C00890	56.58	76	33	0	1	76	1	76	3e-22	87.8
kla|KLLA0A00616g	sce|YDR139C	52.63	76	36	0	1	76	1	76	9e-21	83.6
kla|KLLA0A00616g	lkl|SAKL0H15818g	51.95	77	37	0	1	77	1	77	2e-20	82.8
kla|KLLA0A00616g	vpo|Kpol_1036.62	51.32	76	37	0	1	76	1	76	4e-20	82.0
kla|KLLA0A00616g	nca|NCAS0B03520	52.63	76	36	0	1	76	1	76	6e-20	81.6
kla|KLLA0A00616g	lth|KLTH0G12540g	50.65	77	38	0	1	77	1	77	1e-19	80.9
kla|KLLA0A00616g	zro|ZYRO0D05962g	53.95	76	35	0	1	76	1	76	4e-19	79.3
kla|KLLA0A00616g	nda|NDAI0J01070	51.32	76	37	0	1	76	1	76	4e-19	79.3
kla|KLLA0A00616g	tde|TDEL0F04380	53.95	76	35	0	1	76	1	76	1e-18	78.2
kla|KLLA0A00616g	cgl|CAGL0B01589g	51.32	76	37	0	1	76	1	76	2e-17	74.7
kla|KLLA0A00616g	smi|Smik_4.383	40.00	100	36	1	1	76	1	100	3e-15	69.7
kla|KLLA0A00616g	sku|Skud_4.398	39.78	93	33	1	7	76	1	93	1e-14	67.8
kla|KLLA0A00616g	suv|Suva_2.300	53.70	54	25	0	1	54	1	54	1e-13	65.1
kla|KLLA0A00616g	kaf|KAFR0B05670	58.00	50	21	0	1	50	1	50	2e-12	60.8
kla|KLLA0A00616g	ecy|Ecym_4244	56.00	50	22	0	1	50	1	50	5e-12	59.7
kla|KLLA0A00616g	lwa|Kwal_56.23883	54.00	50	23	0	1	50	1	50	9e-12	58.9
kla|KLLA0A00616g	tbl|TBLA0H01310	56.00	50	22	0	1	50	1	50	1e-10	56.6
kla|KLLA0A00616g	ego|AGL185W	52.00	50	24	0	1	50	1	50	1e-10	55.8
kla|KLLA0A00616g	kla|KLLA0D01859g	41.43	70	40	1	2	70	3	72	4e-09	55.5
kla|KLLA0A00616g	tbl|TBLA0D03230	40.85	71	41	1	1	70	1	71	9e-08	51.6
kla|KLLA0A00616g	lth|KLTH0C03938g	29.01	131	85	4	1	127	1	127	2e-06	47.8
kla|KLLA0A00616g	tph|TPHA0I00220	39.44	71	42	1	1	70	1	71	2e-06	47.4
kla|KLLA0A00616g	cgl|CAGL0M02937g	35.21	71	45	1	1	70	1	71	3e-06	47.0
kla|KLLA0A00616g	tbl|TBLA0B03240	42.00	50	29	0	13	62	13	62	3e-06	46.2
kla|KLLA0A00616g	suv|Suva_13.464	35.71	70	44	1	1	70	3	71	5e-06	46.2
kla|KLLA0A00616g	ecy|Ecym_4608	35.71	56	36	0	15	70	16	71	8e-06	45.4
